{
  "nbformat": 4,
  "nbformat_minor": 0,
  "metadata": {
    "colab": {
      "provenance": [],
      "authorship_tag": "ABX9TyPGD+Ucp+HPobIvFNF/O1uA",
      "include_colab_link": true
    },
    "kernelspec": {
      "name": "python3",
      "display_name": "Python 3"
    },
    "language_info": {
      "name": "python"
    }
  },
  "cells": [
    {
      "cell_type": "markdown",
      "metadata": {
        "id": "view-in-github",
        "colab_type": "text"
      },
      "source": [
        "<a href=\"https://colab.research.google.com/github/shirsh008/reinforcement-learning-model-training/blob/main/or_tools_1.ipynb\" target=\"_parent\"><img src=\"https://colab.research.google.com/assets/colab-badge.svg\" alt=\"Open In Colab\"/></a>"
      ]
    },
    {
      "cell_type": "code",
      "source": [
        "!pip install ortools"
      ],
      "metadata": {
        "colab": {
          "base_uri": "https://localhost:8080/"
        },
        "id": "3jzvHWd_qNZ7",
        "outputId": "83ea6efa-3599-4ea7-e49d-70b3d3d9610a"
      },
      "execution_count": null,
      "outputs": [
        {
          "output_type": "stream",
          "name": "stdout",
          "text": [
            "Requirement already satisfied: ortools in /usr/local/lib/python3.12/dist-packages (9.14.6206)\n",
            "Requirement already satisfied: absl-py>=2.0.0 in /usr/local/lib/python3.12/dist-packages (from ortools) (2.3.1)\n",
            "Requirement already satisfied: numpy>=1.13.3 in /usr/local/lib/python3.12/dist-packages (from ortools) (2.0.2)\n",
            "Requirement already satisfied: pandas>=2.0.0 in /usr/local/lib/python3.12/dist-packages (from ortools) (2.2.2)\n",
            "Requirement already satisfied: protobuf<6.32,>=6.31.1 in /usr/local/lib/python3.12/dist-packages (from ortools) (6.31.1)\n",
            "Requirement already satisfied: typing-extensions>=4.12 in /usr/local/lib/python3.12/dist-packages (from ortools) (4.15.0)\n",
            "Requirement already satisfied: immutabledict>=3.0.0 in /usr/local/lib/python3.12/dist-packages (from ortools) (4.2.2)\n",
            "Requirement already satisfied: python-dateutil>=2.8.2 in /usr/local/lib/python3.12/dist-packages (from pandas>=2.0.0->ortools) (2.9.0.post0)\n",
            "Requirement already satisfied: pytz>=2020.1 in /usr/local/lib/python3.12/dist-packages (from pandas>=2.0.0->ortools) (2025.2)\n",
            "Requirement already satisfied: tzdata>=2022.7 in /usr/local/lib/python3.12/dist-packages (from pandas>=2.0.0->ortools) (2025.3)\n",
            "Requirement already satisfied: six>=1.5 in /usr/local/lib/python3.12/dist-packages (from python-dateutil>=2.8.2->pandas>=2.0.0->ortools) (1.17.0)\n"
          ]
        }
      ]
    },
    {
      "cell_type": "code",
      "execution_count": null,
      "metadata": {
        "colab": {
          "base_uri": "https://localhost:8080/"
        },
        "id": "37eG-A9Tpmon",
        "outputId": "c676a679-273b-47ef-fe3d-e719452bd3f5"
      },
      "outputs": [
        {
          "output_type": "stream",
          "name": "stdout",
          "text": [
            "Objective: 6208\n",
            "Route for vehicle 0:\n",
            " 0 Load(0) ->  7 Load(8) ->  3 Load(10) ->  4 Load(14) ->  1 Load(15) ->  0 Load(15)\n",
            "Distance of the route: 1552m\n",
            "Load of the route: 15\n",
            "\n",
            "Route for vehicle 1:\n",
            " 0 Load(0) ->  14 Load(4) ->  16 Load(12) ->  10 Load(14) ->  9 Load(15) ->  0 Load(15)\n",
            "Distance of the route: 1552m\n",
            "Load of the route: 15\n",
            "\n",
            "Route for vehicle 2:\n",
            " 0 Load(0) ->  12 Load(2) ->  11 Load(3) ->  15 Load(11) ->  13 Load(15) ->  0 Load(15)\n",
            "Distance of the route: 1552m\n",
            "Load of the route: 15\n",
            "\n",
            "Route for vehicle 3:\n",
            " 0 Load(0) ->  8 Load(8) ->  2 Load(9) ->  6 Load(13) ->  5 Load(15) ->  0 Load(15)\n",
            "Distance of the route: 1552m\n",
            "Load of the route: 15\n",
            "\n",
            "Total distance of all routes: 6208m\n",
            "Total load of all routes: 60\n"
          ]
        }
      ],
      "source": [
        "from ortools.constraint_solver import routing_enums_pb2\n",
        "from ortools.constraint_solver import pywrapcp\n",
        "\n",
        "\n",
        "\n",
        "def create_data_model():\n",
        "    \"\"\"Stores the data for the problem.\"\"\"\n",
        "    data = {}\n",
        "    data[\"distance_matrix\"] = [\n",
        "        # fmt: off\n",
        "      [0, 548, 776, 696, 582, 274, 502, 194, 308, 194, 536, 502, 388, 354, 468, 776, 662],\n",
        "      [548, 0, 684, 308, 194, 502, 730, 354, 696, 742, 1084, 594, 480, 674, 1016, 868, 1210],\n",
        "      [776, 684, 0, 992, 878, 502, 274, 810, 468, 742, 400, 1278, 1164, 1130, 788, 1552, 754],\n",
        "      [696, 308, 992, 0, 114, 650, 878, 502, 844, 890, 1232, 514, 628, 822, 1164, 560, 1358],\n",
        "      [582, 194, 878, 114, 0, 536, 764, 388, 730, 776, 1118, 400, 514, 708, 1050, 674, 1244],\n",
        "      [274, 502, 502, 650, 536, 0, 228, 308, 194, 240, 582, 776, 662, 628, 514, 1050, 708],\n",
        "      [502, 730, 274, 878, 764, 228, 0, 536, 194, 468, 354, 1004, 890, 856, 514, 1278, 480],\n",
        "      [194, 354, 810, 502, 388, 308, 536, 0, 342, 388, 730, 468, 354, 320, 662, 742, 856],\n",
        "      [308, 696, 468, 844, 730, 194, 194, 342, 0, 274, 388, 810, 696, 662, 320, 1084, 514],\n",
        "      [194, 742, 742, 890, 776, 240, 468, 388, 274, 0, 342, 536, 422, 388, 274, 810, 468],\n",
        "      [536, 1084, 400, 1232, 1118, 582, 354, 730, 388, 342, 0, 878, 764, 730, 388, 1152, 354],\n",
        "      [502, 594, 1278, 514, 400, 776, 1004, 468, 810, 536, 878, 0, 114, 308, 650, 274, 844],\n",
        "      [388, 480, 1164, 628, 514, 662, 890, 354, 696, 422, 764, 114, 0, 194, 536, 388, 730],\n",
        "      [354, 674, 1130, 822, 708, 628, 856, 320, 662, 388, 730, 308, 194, 0, 342, 422, 536],\n",
        "      [468, 1016, 788, 1164, 1050, 514, 514, 662, 320, 274, 388, 650, 536, 342, 0, 764, 194],\n",
        "      [776, 868, 1552, 560, 674, 1050, 1278, 742, 1084, 810, 1152, 274, 388, 422, 764, 0, 798],\n",
        "      [662, 1210, 754, 1358, 1244, 708, 480, 856, 514, 468, 354, 844, 730, 536, 194, 798, 0],\n",
        "        # fmt: on\n",
        "    ]\n",
        "    data[\"demands\"] = [0, 1, 1, 2, 4, 2, 4, 8, 8, 1, 2, 1, 2, 4, 4, 8, 8]\n",
        "    data[\"vehicle_capacities\"] = [15, 15, 15, 15]\n",
        "    data[\"num_vehicles\"] = 4\n",
        "    data[\"depot\"] = 0\n",
        "    return data\n",
        "\n",
        "\n",
        "def print_solution(data, manager, routing, solution):\n",
        "    \"\"\"Prints solution on console.\"\"\"\n",
        "    print(f\"Objective: {solution.ObjectiveValue()}\")\n",
        "    total_distance = 0\n",
        "    total_load = 0\n",
        "    for vehicle_id in range(data[\"num_vehicles\"]):\n",
        "        if not routing.IsVehicleUsed(solution, vehicle_id):\n",
        "            continue\n",
        "        index = routing.Start(vehicle_id)\n",
        "        plan_output = f\"Route for vehicle {vehicle_id}:\\n\"\n",
        "        route_distance = 0\n",
        "        route_load = 0\n",
        "        while not routing.IsEnd(index):\n",
        "            node_index = manager.IndexToNode(index)\n",
        "            route_load += data[\"demands\"][node_index]\n",
        "            plan_output += f\" {node_index} Load({route_load}) -> \"\n",
        "            previous_index = index\n",
        "            index = solution.Value(routing.NextVar(index))\n",
        "            route_distance += routing.GetArcCostForVehicle(\n",
        "                previous_index, index, vehicle_id\n",
        "            )\n",
        "        plan_output += f\" {manager.IndexToNode(index)} Load({route_load})\\n\"\n",
        "        plan_output += f\"Distance of the route: {route_distance}m\\n\"\n",
        "        plan_output += f\"Load of the route: {route_load}\\n\"\n",
        "        print(plan_output)\n",
        "        total_distance += route_distance\n",
        "        total_load += route_load\n",
        "    print(f\"Total distance of all routes: {total_distance}m\")\n",
        "    print(f\"Total load of all routes: {total_load}\")\n",
        "\n",
        "\n",
        "def main():\n",
        "    \"\"\"Solve the CVRP problem.\"\"\"\n",
        "    # Instantiate the data problem.\n",
        "    data = create_data_model()\n",
        "\n",
        "    # Create the routing index manager.\n",
        "    manager = pywrapcp.RoutingIndexManager(\n",
        "        len(data[\"distance_matrix\"]), data[\"num_vehicles\"], data[\"depot\"]\n",
        "    )\n",
        "\n",
        "    # Create Routing Model.\n",
        "    routing = pywrapcp.RoutingModel(manager)\n",
        "\n",
        "    # Create and register a transit callback.\n",
        "    def distance_callback(from_index, to_index):\n",
        "        \"\"\"Returns the distance between the two nodes.\"\"\"\n",
        "        # Convert from routing variable Index to distance matrix NodeIndex.\n",
        "        from_node = manager.IndexToNode(from_index)\n",
        "        to_node = manager.IndexToNode(to_index)\n",
        "        return data[\"distance_matrix\"][from_node][to_node]\n",
        "\n",
        "    transit_callback_index = routing.RegisterTransitCallback(distance_callback)\n",
        "\n",
        "    # Define cost of each arc.\n",
        "    routing.SetArcCostEvaluatorOfAllVehicles(transit_callback_index)\n",
        "\n",
        "    # Add Capacity constraint.\n",
        "    def demand_callback(from_index):\n",
        "        \"\"\"Returns the demand of the node.\"\"\"\n",
        "        # Convert from routing variable Index to demands NodeIndex.\n",
        "        from_node = manager.IndexToNode(from_index)\n",
        "        return data[\"demands\"][from_node]\n",
        "\n",
        "    demand_callback_index = routing.RegisterUnaryTransitCallback(demand_callback)\n",
        "    routing.AddDimensionWithVehicleCapacity(\n",
        "        demand_callback_index,\n",
        "        0,  # null capacity slack\n",
        "        data[\"vehicle_capacities\"],  # vehicle maximum capacities\n",
        "        True,  # start cumul to zero\n",
        "        \"Capacity\",\n",
        "    )\n",
        "\n",
        "    # Setting first solution heuristic.\n",
        "    search_parameters = pywrapcp.DefaultRoutingSearchParameters()\n",
        "    search_parameters.first_solution_strategy = (\n",
        "        routing_enums_pb2.FirstSolutionStrategy.PATH_CHEAPEST_ARC\n",
        "    )\n",
        "    search_parameters.local_search_metaheuristic = (\n",
        "        routing_enums_pb2.LocalSearchMetaheuristic.GUIDED_LOCAL_SEARCH\n",
        "    )\n",
        "    search_parameters.time_limit.FromSeconds(1)\n",
        "\n",
        "    # Solve the problem.\n",
        "    solution = routing.SolveWithParameters(search_parameters)\n",
        "\n",
        "    # Print solution on console.\n",
        "    if solution:\n",
        "        print_solution(data, manager, routing, solution)\n",
        "\n",
        "\n",
        "if __name__ == \"__main__\":\n",
        "    main()"
      ]
    }
  ]
}